ROI scores. Score is the mean noise-normalized encoding accuracy across all vertices of each ROI from all subjects and hemispheres appended together.
All_vertices: 40.97040459156439
V1v: 43.83390821456605
V1d: 45.20644598604797
V2v: 44.31017726281005
V2d: 42.782490127204404
V3v: 41.437356158712625
V3d: 44.17785555492807
hV4: 46.04655862196903
EBA: 37.66660896992046
FBA-1: 39.346866820258086
FBA-2: 34.1881875278534
mTL-bodies: nan
OFA: 46.77345993813824
FFA-1: 50.273453409110054
FFA-2: 42.94734542673379
mTL-faces: nan
aTL-faces: nan
OPA: 43.8449713531405
PPA: 49.79950680208422
RSC: 38.75150216085753
OWFA: 40.80279794076588
VWFA-1: 38.060438995284464
VWFA-2: 30.05228066804134
mfs-words: 39.14166880967169
mTL-words: 12.500286378839823
early: 42.10707117485264
midventral: 45.452161437939445
midlateral: 41.53019381013605
midparietal: 44.01569022779838
ventral: 42.71166279076151
lateral: 36.618839993792655
parietal: 42.07333294117704
