ROI scores. Score is the mean noise-normalized encoding accuracy across all vertices of each ROI from all subjects and hemispheres appended together.
All_vertices: 52.31612720692409
V1v: 56.77983965194475
V1d: 56.78061505790473
V2v: 56.32337187748158
V2d: 54.03598423300908
V3v: 51.31580793878424
V3d: 54.0066961412342
hV4: 54.87731429380092
EBA: 52.0592300504986
FBA-1: 57.32891022266279
FBA-2: 53.4621654720349
mTL-bodies: nan
OFA: 57.723807402385766
FFA-1: 62.042612426514516
FFA-2: 58.34286022927003
mTL-faces: nan
aTL-faces: nan
OPA: 55.37611141104415
PPA: 61.896765795376375
RSC: 49.05268585738572
OWFA: 50.279114993086395
VWFA-1: 51.272050766700524
VWFA-2: 47.6277949702271
mfs-words: 54.23232719994392
mTL-words: 60.284183233930065
early: 51.24552238279569
midventral: 53.96578020816772
midlateral: 53.66519820103889
midparietal: 54.129196736488964
ventral: 54.814259782603024
lateral: 51.210529966162674
parietal: 54.23582375485653
